(kicad_pcb (version 20171130) (host pcbnew 5.1.10-88a1d61d58~88~ubuntu20.10.1)

  (general
    (thickness 1.6)
    (drawings 26)
    (tracks 1022)
    (zones 0)
    (modules 83)
    (nets 63)
  )

  (page A4)
  (layers
    (0 F.Cu signal)
    (1 In1.Cu signal)
    (2 In2.Cu signal)
    (31 B.Cu signal)
    (32 B.Adhes user)
    (33 F.Adhes user)
    (34 B.Paste user)
    (35 F.Paste user)
    (36 B.SilkS user)
    (37 F.SilkS user)
    (38 B.Mask user)
    (39 F.Mask user)
    (40 Dwgs.User user)
    (41 Cmts.User user)
    (42 Eco1.User user)
    (43 Eco2.User user)
    (44 Edge.Cuts user)
    (45 Margin user)
    (46 B.CrtYd user)
    (47 F.CrtYd user)
    (48 B.Fab user)
    (49 F.Fab user)
  )

  (setup
    (last_trace_width 0.3048)
    (user_trace_width 0.2032)
    (user_trace_width 0.3048)
    (user_trace_width 0.508)
    (user_trace_width 0.635)
    (user_trace_width 0.762)
    (trace_clearance 0.25)
    (zone_clearance 0.508)
    (zone_45_only no)
    (trace_min 0.2)
    (via_size 0.8)
    (via_drill 0.4)
    (via_min_size 0.4)
    (via_min_drill 0.3)
    (user_via 0.6 0.3)
    (user_via 0.7 0.4)
    (user_via 1.4 0.8)
    (uvia_size 0.3)
    (uvia_drill 0.1)
    (uvias_allowed no)
    (uvia_min_size 0.2)
    (uvia_min_drill 0.1)
    (edge_width 0.05)
    (segment_width 0.2)
    (pcb_text_width 0.3)
    (pcb_text_size 1.5 1.5)
    (mod_edge_width 0.12)
    (mod_text_size 1 1)
    (mod_text_width 0.15)
    (pad_size 2.5 1.7)
    (pad_drill 0)
    (pad_to_mask_clearance 0)
    (aux_axis_origin 0 0)
    (visible_elements FFFFFF7F)
    (pcbplotparams
      (layerselection 0x010fc_ffffffff)
      (usegerberextensions true)
      (usegerberattributes true)
      (usegerberadvancedattributes false)
      (creategerberjobfile false)
      (excludeedgelayer true)
      (linewidth 0.100000)
      (plotframeref false)
      (viasonmask false)
      (mode 1)
      (useauxorigin false)
      (hpglpennumber 1)
      (hpglpenspeed 20)
      (hpglpendiameter 15.000000)
      (psnegative false)
      (psa4output false)
      (plotreference true)
      (plotvalue false)
      (plotinvisibletext false)
      (padsonsilk false)
      (subtractmaskfromsilk true)
      (outputformat 1)
      (mirror false)
      (drillshape 0)
      (scaleselection 1)
      (outputdirectory "gerber/"))
  )

  (net 0 "")
  (net 1 BAT+)
  (net 2 RawBAT+)
  (net 3 +3V3)
  (net 4 GND)
  (net 5 Vconn)
  (net 6 CC2)
  (net 7 CC1)
  (net 8 "Net-(C7-Pad1)")
  (net 9 BAT-)
  (net 10 /XOUT32)
  (net 11 /XIN32)
  (net 12 "Net-(C13-Pad1)")
  (net 13 "Net-(C21-Pad1)")
  (net 14 "Net-(D4-Pad2)")
  (net 15 "Net-(J1-PadS1)")
  (net 16 VBus)
  (net 17 D+)
  (net 18 D-)
  (net 19 SWDCLK)
  (net 20 SWDIO)
  (net 21 SCL)
  (net 22 SDA)
  (net 23 "Net-(D3-Pad2)")
  (net 24 "Net-(Q1-Pad1)")
  (net 25 "Net-(Q2-Pad1)")
  (net 26 "Net-(Q3-Pad1)")
  (net 27 "Net-(Q3-Pad3)")
  (net 28 "Net-(D5-Pad1)")
  (net 29 "Net-(Q4-Pad1)")
  (net 30 "Net-(Q5-Pad1)")
  (net 31 "Net-(Q6-Pad3)")
  (net 32 "Net-(Q6-Pad1)")
  (net 33 "Net-(Q7-Pad2)")
  (net 34 "Net-(Q7-Pad6)")
  (net 35 "Net-(Q7-Pad4)")
  (net 36 EnCharger)
  (net 37 INT)
  (net 38 "Net-(R8-Pad2)")
  (net 39 "Net-(R9-Pad1)")
  (net 40 MeasVBus)
  (net 41 "Net-(R13-Pad2)")
  (net 42 "Net-(R19-Pad1)")
  (net 43 En9V)
  (net 44 En12V)
  (net 45 EnOut)
  (net 46 select)
  (net 47 up2)
  (net 48 down2)
  (net 49 up1)
  (net 50 down1)
  (net 51 EnOutSrc)
  (net 52 EnVconn)
  (net 53 /boostSW)
  (net 54 "Net-(Q1-Pad3)")
  (net 55 MeasBat)
  (net 56 /boostFB)
  (net 57 /reset)
  (net 58 CHRG)
  (net 59 "Net-(J5-Pad17)")
  (net 60 "Net-(J5-Pad16)")
  (net 61 "Net-(J5-Pad4)")
  (net 62 "Net-(J5-Pad15)")

  (net_class Default "This is the default net class."
    (clearance 0.25)
    (trace_width 0.2)
    (via_dia 0.8)
    (via_drill 0.4)
    (uvia_dia 0.3)
    (uvia_drill 0.1)
    (add_net +3V3)
    (add_net /XIN32)
    (add_net /XOUT32)
    (add_net /boostFB)
    (add_net /boostSW)
    (add_net /reset)
    (add_net BAT+)
    (add_net BAT-)
    (add_net CC1)
    (add_net CC2)
    (add_net CHRG)
    (add_net D+)
    (add_net D-)
    (add_net En12V)
    (add_net En9V)
    (add_net EnCharger)
    (add_net EnOut)
    (add_net EnOutSrc)
    (add_net EnVconn)
    (add_net GND)
    (add_net INT)
    (add_net MeasBat)
    (add_net MeasVBus)
    (add_net "Net-(C13-Pad1)")
    (add_net "Net-(C21-Pad1)")
    (add_net "Net-(C7-Pad1)")
    (add_net "Net-(D3-Pad2)")
    (add_net "Net-(D4-Pad2)")
    (add_net "Net-(D5-Pad1)")
    (add_net "Net-(J1-PadS1)")
    (add_net "Net-(J5-Pad15)")
    (add_net "Net-(J5-Pad16)")
    (add_net "Net-(J5-Pad17)")
    (add_net "Net-(J5-Pad4)")
    (add_net "Net-(Q1-Pad1)")
    (add_net "Net-(Q1-Pad3)")
    (add_net "Net-(Q2-Pad1)")
    (add_net "Net-(Q3-Pad1)")
    (add_net "Net-(Q3-Pad3)")
    (add_net "Net-(Q4-Pad1)")
    (add_net "Net-(Q5-Pad1)")
    (add_net "Net-(Q6-Pad1)")
    (add_net "Net-(Q6-Pad3)")
    (add_net "Net-(Q7-Pad2)")
    (add_net "Net-(Q7-Pad4)")
    (add_net "Net-(Q7-Pad6)")
    (add_net "Net-(R13-Pad2)")
    (add_net "Net-(R19-Pad1)")
    (add_net "Net-(R8-Pad2)")
    (add_net "Net-(R9-Pad1)")
    (add_net RawBAT+)
    (add_net SCL)
    (add_net SDA)
    (add_net SWDCLK)
    (add_net SWDIO)
    (add_net VBus)
    (add_net Vconn)
    (add_net down1)
    (add_net down2)
    (add_net select)
    (add_net up1)
    (add_net up2)
  )

  (module ER-CON24HT:ER-CON24HT-1 (layer F.Cu) (tedit 594039CF) (tstamp 61D4D54F)
    (at 55.8546 85.6742 180)
    (path /61EE06A4)
    (fp_text reference J5 (at 0 0) (layer F.SilkS)
      (effects (font (size 0.6096 0.6096) (thickness 0.12)))
    )
    (fp_text value DisplayFPC (at 0 0) (layer F.SilkS)
      (effects (font (size 1.27 1.27) (thickness 0.15)))
    )
    (fp_text user %R (at 0 0) (layer F.Fab)
      (effects (font (size 0.3 0.3) (thickness 0.025)))
    )
    (fp_line (start 8.55 -0.6) (end 8.55 2.5) (layer F.CrtYd) (width 0.05))
    (fp_line (start 8.55 2.5) (end 6.15 2.5) (layer F.CrtYd) (width 0.05))
    (fp_line (start 6.15 2.5) (end 6.15 3.75) (layer F.CrtYd) (width 0.05))
    (fp_line (start 6.15 3.75) (end -6.15 3.75) (layer F.CrtYd) (width 0.05))
    (fp_line (start -8.55 2.5) (end -8.55 -0.6) (layer F.CrtYd) (width 0.05))
    (fp_line (start -8.55 -0.6) (end -9.1 -0.6) (layer F.CrtYd) (width 0.05))
    (fp_line (start -9.1 -0.6) (end -9.1 -2.5) (layer F.CrtYd) (width 0.05))
    (fp_line (start -9.1 -2.5) (end 9.1 -2.5) (layer F.CrtYd) (width 0.05))
    (fp_line (start 9.1 -2.5) (end 9.1 -0.6) (layer F.CrtYd) (width 0.05))
    (fp_line (start 9.1 -0.6) (end 8.55 -0.6) (layer F.CrtYd) (width 0.05))
    (fp_line (start -6.15 2.5) (end -8.55 2.5) (layer F.CrtYd) (width 0.05))
    (fp_line (start -6.15 3.75) (end -6.15 2.5) (layer F.CrtYd) (width 0.05))
    (fp_line (start -8.885 -2.31) (end 8.885 -2.31) (layer F.SilkS) (width 0.12))
    (fp_line (start 8.885 -2.31) (end 8.885 -0.79) (layer F.SilkS) (width 0.12))
    (fp_line (start 8.885 -0.79) (end 8.5 -0.79) (layer F.SilkS) (width 0.12))
    (fp_line (start 8.235 2.31) (end 6.175 2.31) (layer F.SilkS) (width 0.12))
    (fp_line (start -8.235 2.31) (end -6.175 2.31) (layer F.SilkS) (width 0.12))
    (fp_line (start -8.5 -0.79) (end -8.885 -0.79) (layer F.SilkS) (width 0.12))
    (fp_line (start -8.885 -0.79) (end -8.885 -2.31) (layer F.SilkS) (width 0.12))
    (fp_circle (center 6.35 2.75) (end 6.475 2.75) (layer F.SilkS) (width 0.25))
    (fp_line (start 8.175 -0.85) (end 8.825 -0.85) (layer F.Fab) (width 0.025))
    (fp_line (start -8.825 -0.85) (end -8.175 -0.85) (layer F.Fab) (width 0.025))
    (fp_line (start -8.825 -0.85) (end -8.825 -2.25) (layer F.Fab) (width 0.025))
    (fp_line (start 8.825 -0.85) (end 8.825 -2.25) (layer F.Fab) (width 0.025))
    (fp_line (start 8.175 -0.85) (end 8.175 2.25) (layer F.Fab) (width 0.025))
    (fp_line (start -8.175 -0.85) (end -8.175 2.25) (layer F.Fab) (width 0.025))
    (fp_line (start -8.175 2.25) (end 8.175 2.25) (layer F.Fab) (width 0.025))
    (fp_line (start -8.825 -2.25) (end 8.825 -2.25) (layer F.Fab) (width 0.025))
    (fp_line (start 6.25 0.5) (end 6.25 -2.25) (layer F.Fab) (width 0.025))
    (fp_line (start -6.25 0.5) (end 6.25 0.5) (layer F.Fab) (width 0.025))
    (fp_line (start -6.25 -2.25) (end -6.25 0.5) (layer F.Fab) (width 0.025))
    (pad SHLD smd rect (at 7.29 0.55 180) (size 2 3) (layers F.Cu F.Paste F.Mask))
    (pad SHLD smd rect (at -7.29 0.55 180) (size 2 3) (layers F.Cu F.Paste F.Mask))
    (pad 24 smd rect (at -5.75 2.875 180) (size 0.3 1.25) (layers F.Cu F.Paste F.Mask)
      (net 4 GND))
    (pad 23 smd rect (at -5.25 2.875 180) (size 0.3 1.25) (layers F.Cu F.Paste F.Mask)
      (net 4 GND))
    (pad 22 smd rect (at -4.75 2.875 180) (size 0.3 1.25) (layers F.Cu F.Paste F.Mask)
      (net 4 GND))
    (pad 21 smd rect (at -4.25 2.875 180) (size 0.3 1.25) (layers F.Cu F.Paste F.Mask))
    (pad 20 smd rect (at -3.75 2.875 180) (size 0.3 1.25) (layers F.Cu F.Paste F.Mask)
      (net 3 +3V3))
    (pad 19 smd rect (at -3.25 2.875 180) (size 0.3 1.25) (layers F.Cu F.Paste F.Mask)
      (net 3 +3V3))
    (pad 18 smd rect (at -2.75 2.875 180) (size 0.3 1.25) (layers F.Cu F.Paste F.Mask)
      (net 4 GND))
    (pad 17 smd rect (at -2.25 2.875 180) (size 0.3 1.25) (layers F.Cu F.Paste F.Mask)
      (net 59 "Net-(J5-Pad17)"))
    (pad 16 smd rect (at -1.75 2.875 180) (size 0.3 1.25) (layers F.Cu F.Paste F.Mask)
      (net 60 "Net-(J5-Pad16)"))
    (pad 15 smd rect (at -1.25 2.875 180) (size 0.3 1.25) (layers F.Cu F.Paste F.Mask)
      (net 62 "Net-(J5-Pad15)"))
    (pad 14 smd rect (at -0.75 2.875 180) (size 0.3 1.25) (layers F.Cu F.Paste F.Mask)
      (net 4 GND))
    (pad 13 smd rect (at -0.25 2.875 180) (size 0.3 1.25) (layers F.Cu F.Paste F.Mask)
      (net 4 GND))
    (pad 12 smd rect (at 0.25 2.875 180) (size 0.3 1.25) (layers F.Cu F.Paste F.Mask)
      (net 21 SCL))
    (pad 11 smd rect (at 0.75 2.875 180) (size 0.3 1.25) (layers F.Cu F.Paste F.Mask)
      (net 22 SDA))
    (pad 10 smd rect (at 1.25 2.875 180) (size 0.3 1.25) (layers F.Cu F.Paste F.Mask)
      (net 22 SDA))
    (pad 9 smd rect (at 1.75 2.875 180) (size 0.3 1.25) (layers F.Cu F.Paste F.Mask))
    (pad 8 smd rect (at 2.25 2.875 180) (size 0.3 1.25) (layers F.Cu F.Paste F.Mask))
    (pad 7 smd rect (at 2.75 2.875 180) (size 0.3 1.25) (layers F.Cu F.Paste F.Mask))
    (pad 6 smd rect (at 3.25 2.875 180) (size 0.3 1.25) (layers F.Cu F.Paste F.Mask))
    (pad 5 smd rect (at 3.75 2.875 180) (size 0.3 1.25) (layers F.Cu F.Paste F.Mask))
    (pad 4 smd rect (at 4.25 2.875 180) (size 0.3 1.25) (layers F.Cu F.Paste F.Mask)
      (net 61 "Net-(J5-Pad4)"))
    (pad 3 smd rect (at 4.75 2.875 180) (size 0.3 1.25) (layers F.Cu F.Paste F.Mask)
      (net 13 "Net-(C21-Pad1)"))
    (pad 2 smd rect (at 5.25 2.875 180) (size 0.3 1.25) (layers F.Cu F.Paste F.Mask)
      (net 5 Vconn))
    (pad 1 smd rect (at 5.75 2.875 180) (size 0.3 1.25) (layers F.Cu F.Paste F.Mask)
      (net 4 GND))
    (model ${KISBLIB}/eastrising.pretty/ER-CON24HT-1.wrl
      (at (xyz 0 0 0))
      (scale (xyz 0.3937 0.3937 0.3937))
      (rotate (xyz 0 0 0))
    )
  )

  (module Resistor_SMD:R_0603_1608Metric (layer F.Cu) (tedit 5F68FEEE) (tstamp 61D35F32)
    (at 46.4825 70.358 180)
    (descr "Resistor SMD 0603 (1608 Metric), square (rectangular) end terminal, IPC_7351 nominal, (Body size source: IPC-SM-782 page 72, https://www.pcb-3d.com/wordpress/wp-content/uploads/ipc-sm-782a_amendment_1_and_2.pdf), generated with kicad-footprint-generator")
    (tags resistor)
    (path /61DB3CF2)
    (attr smd)
    (fp_text reference R16 (at 2.8961 0.0254) (layer F.SilkS)
      (effects (font (size 1 1) (thickness 0.15)))
    )
    (fp_text value 1.35K (at 0 1.43) (layer F.Fab)
      (effects (font (size 1 1) (thickness 0.15)))
    )
    (fp_line (start 1.48 0.73) (end -1.48 0.73) (layer F.CrtYd) (width 0.05))
    (fp_line (start 1.48 -0.73) (end 1.48 0.73) (layer F.CrtYd) (width 0.05))
    (fp_line (start -1.48 -0.73) (end 1.48 -0.73) (layer F.CrtYd) (width 0.05))
    (fp_line (start -1.48 0.73) (end -1.48 -0.73) (layer F.CrtYd) (width 0.05))
    (fp_line (start -0.237258 0.5225) (end 0.237258 0.5225) (layer F.SilkS) (width 0.12))
    (fp_line (start -0.237258 -0.5225) (end 0.237258 -0.5225) (layer F.SilkS) (width 0.12))
    (fp_line (start 0.8 0.4125) (end -0.8 0.4125) (layer F.Fab) (width 0.1))
    (fp_line (start 0.8 -0.4125) (end 0.8 0.4125) (layer F.Fab) (width 0.1))
    (fp_line (start -0.8 -0.4125) (end 0.8 -0.4125) (layer F.Fab) (width 0.1))
    (fp_line (start -0.8 0.4125) (end -0.8 -0.4125) (layer F.Fab) (width 0.1))
    (fp_text user %R (at 0 0) (layer F.Fab)
      (effects (font (size 0.4 0.4) (thickness 0.06)))
    )
    (pad 2 smd roundrect (at 0.825 0 180) (size 0.8 0.95) (layers F.Cu F.Paste F.Mask) (roundrect_rratio 0.25)
      (net 4 GND))
    (pad 1 smd roundrect (at -0.825 0 180) (size 0.8 0.95) (layers F.Cu F.Paste F.Mask) (roundrect_rratio 0.25)
      (net 56 /boostFB))
    (model ${KISYS3DMOD}/Resistor_SMD.3dshapes/R_0603_1608Metric.wrl
      (at (xyz 0 0 0))
      (scale (xyz 1 1 1))
      (rotate (xyz 0 0 0))
    )
  )

  (module Resistor_SMD:R_0603_1608Metric (layer F.Cu) (tedit 5F68FEEE) (tstamp 61D2E008)
    (at 67.12 62.2046)
    (descr "Resistor SMD 0603 (1608 Metric), square (rectangular) end terminal, IPC_7351 nominal, (Body size source: IPC-SM-782 page 72, https://www.pcb-3d.com/wordpress/wp-content/uploads/ipc-sm-782a_amendment_1_and_2.pdf), generated with kicad-footprint-generator")
    (tags resistor)
    (path /62E95AA9)
    (attr smd)
    (fp_text reference R3 (at 2.5522 0.0254) (layer F.SilkS)
      (effects (font (size 1 1) (thickness 0.15)))
    )
    (fp_text value 523K (at 0 1.43) (layer F.Fab)
      (effects (font (size 1 1) (thickness 0.15)))
    )
    (fp_line (start 1.48 0.73) (end -1.48 0.73) (layer F.CrtYd) (width 0.05))
    (fp_line (start 1.48 -0.73) (end 1.48 0.73) (layer F.CrtYd) (width 0.05))
    (fp_line (start -1.48 -0.73) (end 1.48 -0.73) (layer F.CrtYd) (width 0.05))
    (fp_line (start -1.48 0.73) (end -1.48 -0.73) (layer F.CrtYd) (width 0.05))
    (fp_line (start -0.237258 0.5225) (end 0.237258 0.5225) (layer F.SilkS) (width 0.12))
    (fp_line (start -0.237258 -0.5225) (end 0.237258 -0.5225) (layer F.SilkS) (width 0.12))
    (fp_line (start 0.8 0.4125) (end -0.8 0.4125) (layer F.Fab) (width 0.1))
    (fp_line (start 0.8 -0.4125) (end 0.8 0.4125) (layer F.Fab) (width 0.1))
    (fp_line (start -0.8 -0.4125) (end 0.8 -0.4125) (layer F.Fab) (width 0.1))
    (fp_line (start -0.8 0.4125) (end -0.8 -0.4125) (layer F.Fab) (width 0.1))
    (fp_text user %R (at 0 0) (layer F.Fab)
      (effects (font (size 0.4 0.4) (thickness 0.06)))
    )
    (pad 2 smd roundrect (at 0.825 0) (size 0.8 0.95) (layers F.Cu F.Paste F.Mask) (roundrect_rratio 0.25)
      (net 55 MeasBat))
    (pad 1 smd roundrect (at -0.825 0) (size 0.8 0.95) (layers F.Cu F.Paste F.Mask) (roundrect_rratio 0.25)
      (net 1 BAT+))
    (model ${KISYS3DMOD}/Resistor_SMD.3dshapes/R_0603_1608Metric.wrl
      (at (xyz 0 0 0))
      (scale (xyz 1 1 1))
      (rotate (xyz 0 0 0))
    )
  )

  (module Resistor_SMD:R_0805_2012Metric (layer F.Cu) (tedit 5F68FEEE) (tstamp 61D2DFF7)
    (at 67.1595 58.7375)
    (descr "Resistor SMD 0805 (2012 Metric), square (rectangular) end terminal, IPC_7351 nominal, (Body size source: IPC-SM-782 page 72, https://www.pcb-3d.com/wordpress/wp-content/uploads/ipc-sm-782a_amendment_1_and_2.pdf), generated with kicad-footprint-generator")
    (tags resistor)
    (path /62E964AE)
    (attr smd)
    (fp_text reference R2 (at 2.7667 -0.0127) (layer F.SilkS)
      (effects (font (size 1 1) (thickness 0.15)))
    )
    (fp_text value 1M (at 0 1.65) (layer F.Fab)
      (effects (font (size 1 1) (thickness 0.15)))
    )
    (fp_line (start 1.68 0.95) (end -1.68 0.95) (layer F.CrtYd) (width 0.05))
    (fp_line (start 1.68 -0.95) (end 1.68 0.95) (layer F.CrtYd) (width 0.05))
    (fp_line (start -1.68 -0.95) (end 1.68 -0.95) (layer F.CrtYd) (width 0.05))
    (fp_line (start -1.68 0.95) (end -1.68 -0.95) (layer F.CrtYd) (width 0.05))
    (fp_line (start -0.227064 0.735) (end 0.227064 0.735) (layer F.SilkS) (width 0.12))
    (fp_line (start -0.227064 -0.735) (end 0.227064 -0.735) (layer F.SilkS) (width 0.12))
    (fp_line (start 1 0.625) (end -1 0.625) (layer F.Fab) (width 0.1))
    (fp_line (start 1 -0.625) (end 1 0.625) (layer F.Fab) (width 0.1))
    (fp_line (start -1 -0.625) (end 1 -0.625) (layer F.Fab) (width 0.1))
    (fp_line (start -1 0.625) (end -1 -0.625) (layer F.Fab) (width 0.1))
    (fp_text user %R (at 0 0) (layer F.Fab)
      (effects (font (size 0.5 0.5) (thickness 0.08)))
    )
    (pad 2 smd roundrect (at 0.9125 0) (size 1.025 1.4) (layers F.Cu F.Paste F.Mask) (roundrect_rratio 0.2439014634146341)
      (net 55 MeasBat))
    (pad 1 smd roundrect (at -0.9125 0) (size 1.025 1.4) (layers F.Cu F.Paste F.Mask) (roundrect_rratio 0.2439014634146341)
      (net 4 GND))
    (model ${KISYS3DMOD}/Resistor_SMD.3dshapes/R_0805_2012Metric.wrl
      (at (xyz 0 0 0))
      (scale (xyz 1 1 1))
      (rotate (xyz 0 0 0))
    )
  )

  (module SSSS810701:SSSS810701 (layer F.Cu) (tedit 61D17433) (tstamp 61D2A745)
    (at 22.352 35.052 270)
    (path /62968FEB)
    (fp_text reference "Power On/Off" (at -1.0414 -3.4036 270) (layer F.SilkS)
      (effects (font (size 0.800811 0.800811) (thickness 0.15)))
    )
    (fp_text value SSSS810701 (at 5.215325 -3.1801 270) (layer F.Fab)
      (effects (font (size 0.801283 0.801283) (thickness 0.15)))
    )
    (fp_poly (pts (xy -2.452 -2.2) (xy -2.05 -2.2) (xy -2.05 -1.30106) (xy -2.452 -1.30106)) (layer F.SilkS) (width 0.01))
    (fp_line (start 3.35 -1.3) (end -3.35 -1.3) (layer F.SilkS) (width 0.1))
    (fp_line (start -3.35 -1.3) (end -3.35 1.3) (layer F.SilkS) (width 0.1))
    (fp_line (start 0 1.3) (end 1.3 1.3) (layer F.SilkS) (width 0.1))
    (fp_line (start 1.3 1.3) (end 3.35 1.3) (layer F.SilkS) (width 0.1))
    (fp_line (start 3.35 1.3) (end 3.35 -1.3) (layer F.SilkS) (width 0.1))
    (fp_poly (pts (xy 0.550814 -2.2) (xy 0.95 -2.2) (xy 0.95 -1.30192) (xy 0.550814 -1.30192)) (layer F.SilkS) (width 0.01))
    (fp_poly (pts (xy 2.05004 -2.2) (xy 2.45 -2.2) (xy 2.45 -1.30003) (xy 2.05004 -1.30003)) (layer F.SilkS) (width 0.01))
    (fp_poly (pts (xy 3.35618 -1.35) (xy 3.85 -1.35) (xy 3.85 -0.951751) (xy 3.35618 -0.951751)) (layer F.SilkS) (width 0.01))
    (fp_poly (pts (xy 3.35327 0.95) (xy 3.85 0.95) (xy 3.85 1.35132) (xy 3.35327 1.35132)) (layer F.SilkS) (width 0.01))
    (fp_poly (pts (xy -3.85243 0.95) (xy -3.35 0.95) (xy -3.35 1.35085) (xy -3.85243 1.35085)) (layer F.SilkS) (width 0.01))
    (fp_poly (pts (xy -3.85426 -1.35) (xy -3.35 -1.35) (xy -3.35 -0.951052) (xy -3.85426 -0.951052)) (layer F.SilkS) (width 0.01))
    (fp_line (start 0 1.3) (end 0 2.5) (layer F.SilkS) (width 0.1))
    (fp_line (start 0 2.5) (end 0.3 2.8) (layer F.SilkS) (width 0.1))
    (fp_line (start 0.3 2.8) (end 1 2.8) (layer F.SilkS) (width 0.1))
    (fp_line (start 1 2.8) (end 1.3 2.5) (layer F.SilkS) (width 0.1))
    (fp_line (start 1.3 2.5) (end 1.3 1.3) (layer F.SilkS) (width 0.1))
    (fp_line (start 0 1.3) (end -3.35 1.3) (layer F.SilkS) (width 0.1))
    (pad 3 smd rect (at 2.25 -2 270) (size 0.7 1.5) (layers F.Cu F.Paste F.Mask)
      (net 1 BAT+))
    (pad 2 smd rect (at 0.75 -2 270) (size 0.7 1.5) (layers F.Cu F.Paste F.Mask)
      (net 2 RawBAT+))
    (pad 1 smd rect (at -2.25 -2 270) (size 0.7 1.5) (layers F.Cu F.Paste F.Mask))
    (pad None np_thru_hole circle (at 1.5 0 270) (size 0.9 0.9) (drill 0.9) (layers *.Cu *.Mask))
    (pad None np_thru_hole circle (at -1.5 0 270) (size 0.9 0.9) (drill 0.9) (layers *.Cu *.Mask))
    (pad 4.3 smd rect (at -3.65 1.1 270) (size 1 0.8) (layers F.Cu F.Paste F.Mask))
    (pad 4.1 smd rect (at -3.65 -1.1 270) (size 1 0.8) (layers F.Cu F.Paste F.Mask))
    (pad 4.2 smd rect (at 3.65 -1.1 270) (size 1 0.8) (layers F.Cu F.Paste F.Mask))
    (pad 4.4 smd rect (at 3.65 1.1 270) (size 1 0.8) (layers F.Cu F.Paste F.Mask))
  )

  (module Capacitor_SMD:C_0603_1608Metric (layer F.Cu) (tedit 5F68FEEE) (tstamp 61D2A756)
    (at 39.8142 67.31 180)
    (descr "Capacitor SMD 0603 (1608 Metric), square (rectangular) end terminal, IPC_7351 nominal, (Body size source: IPC-SM-782 page 76, https://www.pcb-3d.com/wordpress/wp-content/uploads/ipc-sm-782a_amendment_1_and_2.pdf), generated with kicad-footprint-generator")
    (tags capacitor)
    (path /61B0662A)
    (attr smd)
    (fp_text reference C1 (at 0 -1.43) (layer F.SilkS)
      (effects (font (size 1 1) (thickness 0.15)))
    )
    (fp_text value 0.1uF (at 0 1.43) (layer F.Fab)
      (effects (font (size 1 1) (thickness 0.15)))
    )
    (fp_line (start 1.48 0.73) (end -1.48 0.73) (layer F.CrtYd) (width 0.05))
    (fp_line (start 1.48 -0.73) (end 1.48 0.73) (layer F.CrtYd) (width 0.05))
    (fp_line (start -1.48 -0.73) (end 1.48 -0.73) (layer F.CrtYd) (width 0.05))
    (fp_line (start -1.48 0.73) (end -1.48 -0.73) (layer F.CrtYd) (width 0.05))
    (fp_line (start -0.14058 0.51) (end 0.14058 0.51) (layer F.SilkS) (width 0.12))
    (fp_line (start -0.14058 -0.51) (end 0.14058 -0.51) (layer F.SilkS) (width 0.12))
    (fp_line (start 0.8 0.4) (end -0.8 0.4) (layer F.Fab) (width 0.1))
    (fp_line (start 0.8 -0.4) (end 0.8 0.4) (layer F.Fab) (width 0.1))
    (fp_line (start -0.8 -0.4) (end 0.8 -0.4) (layer F.Fab) (width 0.1))
    (fp_line (start -0.8 0.4) (end -0.8 -0.4) (layer F.Fab) (width 0.1))
    (fp_text user %R (at 0 0) (layer F.Fab)
      (effects (font (size 0.4 0.4) (thickness 0.06)))
    )
    (pad 2 smd roundrect (at 0.775 0 180) (size 0.9 0.95) (layers F.Cu F.Paste F.Mask) (roundrect_rratio 0.25)
      (net 3 +3V3))
    (pad 1 smd roundrect (at -0.775 0 180) (size 0.9 0.95) (layers F.Cu F.Paste F.Mask) (roundrect_rratio 0.25)
      (net 4 GND))
    (model ${KISYS3DMOD}/Capacitor_SMD.3dshapes/C_0603_1608Metric.wrl
      (at (xyz 0 0 0))
      (scale (xyz 1 1 1))
      (rotate (xyz 0 0 0))
    )
  )

  (module Capacitor_SMD:C_0603_1608Metric (layer F.Cu) (tedit 5F68FEEE) (tstamp 61D2A767)
    (at 39.8142 68.8594 180)
    (descr "Capacitor SMD 0603 (1608 Metric), square (rectangular) end terminal, IPC_7351 nominal, (Body size source: IPC-SM-782 page 76, https://www.pcb-3d.com/wordpress/wp-content/uploads/ipc-sm-782a_amendment_1_and_2.pdf), generated with kicad-footprint-generator")
    (tags capacitor)
    (path /61B05EB4)
    (attr smd)
    (fp_text reference C2 (at 0 -1.43) (layer F.SilkS)
      (effects (font (size 1 1) (thickness 0.15)))
    )
    (fp_text value 10uF (at 0 1.43) (layer F.Fab)
      (effects (font (size 1 1) (thickness 0.15)))
    )
    (fp_line (start -0.8 0.4) (end -0.8 -0.4) (layer F.Fab) (width 0.1))
    (fp_line (start -0.8 -0.4) (end 0.8 -0.4) (layer F.Fab) (width 0.1))
    (fp_line (start 0.8 -0.4) (end 0.8 0.4) (layer F.Fab) (width 0.1))
    (fp_line (start 0.8 0.4) (end -0.8 0.4) (layer F.Fab) (width 0.1))
    (fp_line (start -0.14058 -0.51) (end 0.14058 -0.51) (layer F.SilkS) (width 0.12))
    (fp_line (start -0.14058 0.51) (end 0.14058 0.51) (layer F.SilkS) (width 0.12))
    (fp_line (start -1.48 0.73) (end -1.48 -0.73) (layer F.CrtYd) (width 0.05))
    (fp_line (start -1.48 -0.73) (end 1.48 -0.73) (layer F.CrtYd) (width 0.05))
    (fp_line (start 1.48 -0.73) (end 1.48 0.73) (layer F.CrtYd) (width 0.05))
    (fp_line (start 1.48 0.73) (end -1.48 0.73) (layer F.CrtYd) (width 0.05))
    (fp_text user %R (at 0 0) (layer F.Fab)
      (effects (font (size 0.4 0.4) (thickness 0.06)))
    )
    (pad 1 smd roundrect (at -0.775 0 180) (size 0.9 0.95) (layers F.Cu F.Paste F.Mask) (roundrect_rratio 0.25)
      (net 4 GND))
    (pad 2 smd roundrect (at 0.775 0 180) (size 0.9 0.95) (layers F.Cu F.Paste F.Mask) (roundrect_rratio 0.25)
      (net 3 +3V3))
    (model ${KISYS3DMOD}/Capacitor_SMD.3dshapes/C_0603_1608Metric.wrl
      (at (xyz 0 0 0))
      (scale (xyz 1 1 1))
      (rotate (xyz 0 0 0))
    )
  )

  (module Capacitor_SMD:C_0603_1608Metric (layer F.Cu) (tedit 5F68FEEE) (tstamp 61D2A778)
    (at 35.814 74.5874 90)
    (descr "Capacitor SMD 0603 (1608 Metric), square (rectangular) end terminal, IPC_7351 nominal, (Body size source: IPC-SM-782 page 76, https://www.pcb-3d.com/wordpress/wp-content/uploads/ipc-sm-782a_amendment_1_and_2.pdf), generated with kicad-footprint-generator")
    (tags capacitor)
    (path /61A68881)
    (attr smd)
    (fp_text reference C3 (at -2.5016 0.2032 180) (layer F.SilkS)
      (effects (font (size 1 1) (thickness 0.15)))
    )
    (fp_text value 0.1uF (at 0 1.43 90) (layer F.Fab)
      (effects (font (size 1 1) (thickness 0.15)))
    )
    (fp_line (start -0.8 0.4) (end -0.8 -0.4) (layer F.Fab) (width 0.1))
    (fp_line (start -0.8 -0.4) (end 0.8 -0.4) (layer F.Fab) (width 0.1))
    (fp_line (start 0.8 -0.4) (end 0.8 0.4) (layer F.Fab) (width 0.1))
    (fp_line (start 0.8 0.4) (end -0.8 0.4) (layer F.Fab) (width 0.1))
    (fp_line (start -0.14058 -0.51) (end 0.14058 -0.51) (layer F.SilkS) (width 0.12))
    (fp_line (start -0.14058 0.51) (end 0.14058 0.51) (layer F.SilkS) (width 0.12))
    (fp_line (start -1.48 0.73) (end -1.48 -0.73) (layer F.CrtYd) (width 0.05))
    (fp_line (start -1.48 -0.73) (end 1.48 -0.73) (layer F.CrtYd) (width 0.05))
    (fp_line (start 1.48 -0.73) (end 1.48 0.73) (layer F.CrtYd) (width 0.05))
    (fp_line (start 1.48 0.73) (end -1.48 0.73) (layer F.CrtYd) (width 0.05))
    (fp_text user %R (at 0 0 90) (layer F.Fab)
      (effects (font (size 0.4 0.4) (thickness 0.06)))
    )
    (pad 1 smd roundrect (at -0.775 0 90) (size 0.9 0.95) (layers F.Cu F.Paste F.Mask) (roundrect_rratio 0.25)
      (net 4 GND))
    (pad 2 smd roundrect (at 0.775 0 90) (size 0.9 0.95) (layers F.Cu F.Paste F.Mask) (roundrect_rratio 0.25)
      (net 5 Vconn))
    (model ${KISYS3DMOD}/Capacitor_SMD.3dshapes/C_0603_1608Metric.wrl
      (at (xyz 0 0 0))
      (scale (xyz 1 1 1))
      (rotate (xyz 0 0 0))
    )
  )

  (module Capacitor_SMD:C_0603_1608Metric (layer F.Cu) (tedit 5F68FEEE) (tstamp 61D2A789)
    (at 38.3156 73.2028)
    (descr "Capacitor SMD 0603 (1608 Metric), square (rectangular) end terminal, IPC_7351 nominal, (Body size source: IPC-SM-782 page 76, https://www.pcb-3d.com/wordpress/wp-content/uploads/ipc-sm-782a_amendment_1_and_2.pdf), generated with kicad-footprint-generator")
    (tags capacitor)
    (path /61A3B039)
    (attr smd)
    (fp_text reference C4 (at 0 -1.43) (layer F.SilkS)
      (effects (font (size 1 1) (thickness 0.15)))
    )
    (fp_text value 470pF (at 0 1.43) (layer F.Fab)
      (effects (font (size 1 1) (thickness 0.15)))
    )
    (fp_line (start -0.8 0.4) (end -0.8 -0.4) (layer F.Fab) (width 0.1))
    (fp_line (start -0.8 -0.4) (end 0.8 -0.4) (layer F.Fab) (width 0.1))
    (fp_line (start 0.8 -0.4) (end 0.8 0.4) (layer F.Fab) (width 0.1))
    (fp_line (start 0.8 0.4) (end -0.8 0.4) (layer F.Fab) (width 0.1))
    (fp_line (start -0.14058 -0.51) (end 0.14058 -0.51) (layer F.SilkS) (width 0.12))
    (fp_line (start -0.14058 0.51) (end 0.14058 0.51) (layer F.SilkS) (width 0.12))
    (fp_line (start -1.48 0.73) (end -1.48 -0.73) (layer F.CrtYd) (width 0.05))
    (fp_line (start -1.48 -0.73) (end 1.48 -0.73) (layer F.CrtYd) (width 0.05))
    (fp_line (start 1.48 -0.73) (end 1.48 0.73) (layer F.CrtYd) (width 0.05))
    (fp_line (start 1.48 0.73) (end -1.48 0.73) (layer F.CrtYd) (width 0.05))
    (fp_text user %R (at 0 0) (layer F.Fab)
      (effects (font (size 0.4 0.4) (thickness 0.06)))
    )
    (pad 1 smd roundrect (at -0.775 0) (size 0.9 0.95) (layers F.Cu F.Paste F.Mask) (roundrect_rratio 0.25)
      (net 6 CC2))
    (pad 2 smd roundrect (at 0.775 0) (size 0.9 0.95) (layers F.Cu F.Paste F.Mask) (roundrect_rratio 0.25)
      (net 4 GND))
    (model ${KISYS3DMOD}/Capacitor_SMD.3dshapes/C_0603_1608Metric.wrl
      (at (xyz 0 0 0))
      (scale (xyz 1 1 1))
      (rotate (xyz 0 0 0))
    )
  )

  (module Capacitor_SMD:C_0603_1608Metric (layer F.Cu) (tedit 5F68FEEE) (tstamp 61D2A79A)
    (at 34.29 74.5874 90)
    (descr "Capacitor SMD 0603 (1608 Metric), square (rectangular) end terminal, IPC_7351 nominal, (Body size source: IPC-SM-782 page 76, https://www.pcb-3d.com/wordpress/wp-content/uploads/ipc-sm-782a_amendment_1_and_2.pdf), generated with kicad-footprint-generator")
    (tags capacitor)
    (path /61A6A0CA)
    (attr smd)
    (fp_text reference C5 (at -2.4508 -0.1778 180) (layer F.SilkS)
      (effects (font (size 1 1) (thickness 0.15)))
    )
    (fp_text value 10uF (at 0 1.43 90) (layer F.Fab)
      (effects (font (size 1 1) (thickness 0.15)))
    )
    (fp_line (start 1.48 0.73) (end -1.48 0.73) (layer F.CrtYd) (width 0.05))
    (fp_line (start 1.48 -0.73) (end 1.48 0.73) (layer F.CrtYd) (width 0.05))
    (fp_line (start -1.48 -0.73) (end 1.48 -0.73) (layer F.CrtYd) (width 0.05))
    (fp_line (start -1.48 0.73) (end -1.48 -0.73) (layer F.CrtYd) (width 0.05))
    (fp_line (start -0.14058 0.51) (end 0.14058 0.51) (layer F.SilkS) (width 0.12))
    (fp_line (start -0.14058 -0.51) (end 0.14058 -0.51) (layer F.SilkS) (width 0.12))
    (fp_line (start 0.8 0.4) (end -0.8 0.4) (layer F.Fab) (width 0.1))
    (fp_line (start 0.8 -0.4) (end 0.8 0.4) (layer F.Fab) (width 0.1))
    (fp_line (start -0.8 -0.4) (end 0.8 -0.4) (layer F.Fab) (width 0.1))
    (fp_line (start -0.8 0.4) (end -0.8 -0.4) (layer F.Fab) (width 0.1))
    (fp_text user %R (at 0 0 90) (layer F.Fab)
      (effects (font (size 0.4 0.4) (thickness 0.06)))
    )
    (pad 2 smd roundrect (at 0.775 0 90) (size 0.9 0.95) (layers F.Cu F.Paste F.Mask) (roundrect_rratio 0.25)
      (net 5 Vconn))
    (pad 1 smd roundrect (at -0.775 0 90) (size 0.9 0.95) (layers F.Cu F.Paste F.Mask) (roundrect_rratio 0.25)
      (net 4 GND))
    (model ${KISYS3DMOD}/Capacitor_SMD.3dshapes/C_0603_1608Metric.wrl
      (at (xyz 0 0 0))
      (scale (xyz 1 1 1))
      (rotate (xyz 0 0 0))
    )
  )

  (module Capacitor_SMD:C_0603_1608Metric (layer F.Cu) (tedit 5F68FEEE) (tstamp 61D2A7AB)
    (at 31.7376 73.2028 180)
    (descr "Capacitor SMD 0603 (1608 Metric), square (rectangular) end terminal, IPC_7351 nominal, (Body size source: IPC-SM-782 page 76, https://www.pcb-3d.com/wordpress/wp-content/uploads/ipc-sm-782a_amendment_1_and_2.pdf), generated with kicad-footprint-generator")
    (tags capacitor)
    (path /61A3BAF2)
    (attr smd)
    (fp_text reference C6 (at 0 -1.43) (layer F.SilkS)
      (effects (font (size 1 1) (thickness 0.15)))
    )
    (fp_text value 470pF (at 0 1.43) (layer F.Fab)
      (effects (font (size 1 1) (thickness 0.15)))
    )
    (fp_line (start 1.48 0.73) (end -1.48 0.73) (layer F.CrtYd) (width 0.05))
    (fp_line (start 1.48 -0.73) (end 1.48 0.73) (layer F.CrtYd) (width 0.05))
    (fp_line (start -1.48 -0.73) (end 1.48 -0.73) (layer F.CrtYd) (width 0.05))
    (fp_line (start -1.48 0.73) (end -1.48 -0.73) (layer F.CrtYd) (width 0.05))
    (fp_line (start -0.14058 0.51) (end 0.14058 0.51) (layer F.SilkS) (width 0.12))
    (fp_line (start -0.14058 -0.51) (end 0.14058 -0.51) (layer F.SilkS) (width 0.12))
    (fp_line (start 0.8 0.4) (end -0.8 0.4) (layer F.Fab) (width 0.1))
    (fp_line (start 0.8 -0.4) (end 0.8 0.4) (layer F.Fab) (width 0.1))
    (fp_line (start -0.8 -0.4) (end 0.8 -0.4) (layer F.Fab) (width 0.1))
    (fp_line (start -0.8 0.4) (end -0.8 -0.4) (layer F.Fab) (width 0.1))
    (fp_text user %R (at 0 0) (layer F.Fab)
      (effects (font (size 0.4 0.4) (thickness 0.06)))
    )
    (pad 2 smd roundrect (at 0.775 0 180) (size 0.9 0.95) (layers F.Cu F.Paste F.Mask) (roundrect_rratio 0.25)
      (net 4 GND))
    (pad 1 smd roundrect (at -0.775 0 180) (size 0.9 0.95) (layers F.Cu F.Paste F.Mask) (roundrect_rratio 0.25)
      (net 7 CC1))
    (model ${KISYS3DMOD}/Capacitor_SMD.3dshapes/C_0603_1608Metric.wrl
      (at (xyz 0 0 0))
      (scale (xyz 1 1 1))
      (rotate (xyz 0 0 0))
    )
  )

  (module Capacitor_SMD:C_0603_1608Metric (layer F.Cu) (tedit 5F68FEEE) (tstamp 61D2A7BC)
    (at 76.467 51.308 180)
    (descr "Capacitor SMD 0603 (1608 Metric), square (rectangular) end terminal, IPC_7351 nominal, (Body size source: IPC-SM-782 page 76, https://www.pcb-3d.com/wordpress/wp-content/uploads/ipc-sm-782a_amendment_1_and_2.pdf), generated with kicad-footprint-generator")
    (tags capacitor)
    (path /6197FC44)
    (attr smd)
    (fp_text reference C7 (at -0.0378 1.7526) (layer F.SilkS)
      (effects (font (size 1 1) (thickness 0.15)))
    )
    (fp_text value 0.1uF (at 0 1.43) (layer F.Fab)
      (effects (font (size 1 1) (thickness 0.15)))
    )
    (fp_line (start -0.8 0.4) (end -0.8 -0.4) (layer F.Fab) (width 0.1))
    (fp_line (start -0.8 -0.4) (end 0.8 -0.4) (layer F.Fab) (width 0.1))
    (fp_line (start 0.8 -0.4) (end 0.8 0.4) (layer F.Fab) (width 0.1))
    (fp_line (start 0.8 0.4) (end -0.8 0.4) (layer F.Fab) (width 0.1))
    (fp_line (start -0.14058 -0.51) (end 0.14058 -0.51) (layer F.SilkS) (width 0.12))
    (fp_line (start -0.14058 0.51) (end 0.14058 0.51) (layer F.SilkS) (width 0.12))
    (fp_line (start -1.48 0.73) (end -1.48 -0.73) (layer F.CrtYd) (width 0.05))
    (fp_line (start -1.48 -0.73) (end 1.48 -0.73) (layer F.CrtYd) (width 0.05))
    (fp_line (start 1.48 -0.73) (end 1.48 0.73) (layer F.CrtYd) (width 0.05))
    (fp_line (start 1.48 0.73) (end -1.48 0.73) (layer F.CrtYd) (width 0.05))
    (fp_text user %R (at 0 0) (layer F.Fab)
      (effects (font (size 0.4 0.4) (thickness 0.06)))
    )
    (pad 1 smd roundrect (at -0.775 0 180) (size 0.9 0.95) (layers F.Cu F.Paste F.Mask) (roundrect_rratio 0.25)
      (net 8 "Net-(C7-Pad1)"))
    (pad 2 smd roundrect (at 0.775 0 180) (size 0.9 0.95) (layers F.Cu F.Paste F.Mask) (roundrect_rratio 0.25)
      (net 9 BAT-))
    (model ${KISYS3DMOD}/Capacitor_SMD.3dshapes/C_0603_1608Metric.wrl
      (at (xyz 0 0 0))
      (scale (xyz 1 1 1))
      (rotate (xyz 0 0 0))
    )
  )

  (module Capacitor_SMD:C_0805_2012Metric (layer F.Cu) (tedit 5F68FEEE) (tstamp 61D35E9C)
    (at 58.862 62.484)
    (descr "Capacitor SMD 0805 (2012 Metric), square (rectangular) end terminal, IPC_7351 nominal, (Body size source: IPC-SM-782 page 76, https://www.pcb-3d.com/wordpress/wp-content/uploads/ipc-sm-782a_amendment_1_and_2.pdf, https://docs.google.com/spreadsheets/d/1BsfQQcO9C6DZCsRaXUlFlo91Tg2WpOkGARC1WS5S8t0/edit?usp=sharing), generated with kicad-footprint-generator")
    (tags capacitor)
    (path /619DB7CF)
    (attr smd)
    (fp_text reference C8 (at 0 -1.68) (layer F.SilkS)
      (effects (font (size 1 1) (thickness 0.15)))
    )
    (fp_text value 22uF (at 0 1.68) (layer F.Fab)
      (effects (font (size 1 1) (thickness 0.15)))
    )
    (fp_line (start 1.7 0.98) (end -1.7 0.98) (layer F.CrtYd) (width 0.05))
    (fp_line (start 1.7 -0.98) (end 1.7 0.98) (layer F.CrtYd) (width 0.05))
    (fp_line (start -1.7 -0.98) (end 1.7 -0.98) (layer F.CrtYd) (width 0.05))
    (fp_line (start -1.7 0.98) (end -1.7 -0.98) (layer F.CrtYd) (width 0.05))
    (fp_line (start -0.261252 0.735) (end 0.261252 0.735) (layer F.SilkS) (width 0.12))
    (fp_line (start -0.261252 -0.735) (end 0.261252 -0.735) (layer F.SilkS) (width 0.12))
    (fp_line (start 1 0.625) (end -1 0.625) (layer F.Fab) (width 0.1))
    (fp_line (start 1 -0.625) (end 1 0.625) (layer F.Fab) (width 0.1))
    (fp_line (start -1 -0.625) (end 1 -0.625) (layer F.Fab) (width 0.1))
    (fp_line (start -1 0.625) (end -1 -0.625) (layer F.Fab) (width 0.1))
    (fp_text user %R (at 0 0) (layer F.Fab)
      (effects (font (size 0.5 0.5) (thickness 0.08)))
    )
    (pad 2 smd roundrect (at 0.95 0) (size 1 1.45) (layers F.Cu F.Paste F.Mask) (roundrect_rratio 0.25)
      (net 4 GND))
    (pad 1 smd roundrect (at -0.95 0) (size 1 1.45) (layers F.Cu F.Paste F.Mask) (roundrect_rratio 0.25)
      (net 1 BAT+))
    (model ${KISYS3DMOD}/Capacitor_SMD.3dshapes/C_0805_2012Metric.wrl
      (at (xyz 0 0 0))
      (scale (xyz 1 1 1))
      (rotate (xyz 0 0 0))
    )
  )

  (module Capacitor_SMD:C_0805_2012Metric (layer F.Cu) (tedit 5F68FEEE) (tstamp 61D2A7DE)
    (at 75.692 76.266 270)
    (descr "Capacitor SMD 0805 (2012 Metric), square (rectangular) end terminal, IPC_7351 nominal, (Body size source: IPC-SM-782 page 76, https://www.pcb-3d.com/wordpress/wp-content/uploads/ipc-sm-782a_amendment_1_and_2.pdf, https://docs.google.com/spreadsheets/d/1BsfQQcO9C6DZCsRaXUlFlo91Tg2WpOkGARC1WS5S8t0/edit?usp=sharing), generated with kicad-footprint-generator")
    (tags capacitor)
    (path /619E4A54)
    (attr smd)
    (fp_text reference C9 (at 0.0102 -1.9558 180) (layer F.SilkS)
      (effects (font (size 1 1) (thickness 0.15)))
    )
    (fp_text value 22uF (at 0 1.68 90) (layer F.Fab)
      (effects (font (size 1 1) (thickness 0.15)))
    )
    (fp_line (start -1 0.625) (end -1 -0.625) (layer F.Fab) (width 0.1))
    (fp_line (start -1 -0.625) (end 1 -0.625) (layer F.Fab) (width 0.1))
    (fp_line (start 1 -0.625) (end 1 0.625) (layer F.Fab) (width 0.1))
    (fp_line (start 1 0.625) (end -1 0.625) (layer F.Fab) (width 0.1))
    (fp_line (start -0.261252 -0.735) (end 0.261252 -0.735) (layer F.SilkS) (width 0.12))
    (fp_line (start -0.261252 0.735) (end 0.261252 0.735) (layer F.SilkS) (width 0.12))
    (fp_line (start -1.7 0.98) (end -1.7 -0.98) (layer F.CrtYd) (width 0.05))
    (fp_line (start -1.7 -0.98) (end 1.7 -0.98) (layer F.CrtYd) (width 0.05))
    (fp_line (start 1.7 -0.98) (end 1.7 0.98) (layer F.CrtYd) (width 0.05))
    (fp_line (start 1.7 0.98) (end -1.7 0.98) (layer F.CrtYd) (width 0.05))
    (fp_text user %R (at 0 0 90) (layer F.Fab)
      (effects (font (size 0.5 0.5) (thickness 0.08)))
    )
    (pad 1 smd roundrect (at -0.95 0 270) (size 1 1.45) (layers F.Cu F.Paste F.Mask) (roundrect_rratio 0.25)
      (net 5 Vconn))
    (pad 2 smd roundrect (at 0.95 0 270) (size 1 1.45) (layers F.Cu F.Paste F.Mask) (roundrect_rratio 0.25)
      (net 4 GND))
    (model ${KISYS3DMOD}/Capacitor_SMD.3dshapes/C_0805_2012Metric.wrl
      (at (xyz 0 0 0))
      (scale (xyz 1 1 1))
      (rotate (xyz 0 0 0))
    )
  )

  (module Capacitor_SMD:C_0805_2012Metric (layer F.Cu) (tedit 5F68FEEE) (tstamp 61D2A7EF)
    (at 77.917 79.756 180)
    (descr "Capacitor SMD 0805 (2012 Metric), square (rectangular) end terminal, IPC_7351 nominal, (Body size source: IPC-SM-782 page 76, https://www.pcb-3d.com/wordpress/wp-content/uploads/ipc-sm-782a_amendment_1_and_2.pdf, https://docs.google.com/spreadsheets/d/1BsfQQcO9C6DZCsRaXUlFlo91Tg2WpOkGARC1WS5S8t0/edit?usp=sharing), generated with kicad-footprint-generator")
    (tags capacitor)
    (path /61A11141)
    (attr smd)
    (fp_text reference C10 (at 0 -1.68) (layer F.SilkS)
      (effects (font (size 1 1) (thickness 0.15)))
    )
    (fp_text value 22uF (at 0 1.68) (layer F.Fab)
      (effects (font (size 1 1) (thickness 0.15)))
    )
    (fp_line (start 1.7 0.98) (end -1.7 0.98) (layer F.CrtYd) (width 0.05))
    (fp_line (start 1.7 -0.98) (end 1.7 0.98) (layer F.CrtYd) (width 0.05))
    (fp_line (start -1.7 -0.98) (end 1.7 -0.98) (layer F.CrtYd) (width 0.05))
    (fp_line (start -1.7 0.98) (end -1.7 -0.98) (layer F.CrtYd) (width 0.05))
    (fp_line (start -0.261252 0.735) (end 0.261252 0.735) (layer F.SilkS) (width 0.12))
    (fp_line (start -0.261252 -0.735) (end 0.261252 -0.735) (layer F.SilkS) (width 0.12))
    (fp_line (start 1 0.625) (end -1 0.625) (layer F.Fab) (width 0.1))
    (fp_line (start 1 -0.625) (end 1 0.625) (layer F.Fab) (width 0.1))
    (fp_line (start -1 -0.625) (end 1 -0.625) (layer F.Fab) (width 0.1))
    (fp_line (start -1 0.625) (end -1 -0.625) (layer F.Fab) (width 0.1))
    (fp_text user %R (at 0 0) (layer F.Fab)
      (effects (font (size 0.5 0.5) (thickness 0.08)))
    )
    (pad 2 smd roundrect (at 0.95 0 180) (size 1 1.45) (layers F.Cu F.Paste F.Mask) (roundrect_rratio 0.25)
      (net 4 GND))
    (pad 1 smd roundrect (at -0.95 0 180) (size 1 1.45) (layers F.Cu F.Paste F.Mask) (roundrect_rratio 0.25)
      (net 3 +3V3))
    (model ${KISYS3DMOD}/Capacitor_SMD.3dshapes/C_0805_2012Metric.wrl
      (at (xyz 0 0 0))
      (scale (xyz 1 1 1))
      (rotate (xyz 0 0 0))
    )
  )

